0 729.7140992167102 660.3120104438642 0 731.519801980198 657.1930693069307
0 731.519801980198 657.1930693069307 0 734.1111111111111 654.4166666666666
0 734.1111111111111 654.4166666666666 0 735.4285714285714 653.4285714285714
0 735.4285714285714 653.4285714285714 0 736.5 652.5
0 736.5 652.5 0 737.5 651.5
0 737.5 651.5 0 738.5 650.5
0 738.5 650.5 0 739.4285714285714 649.4285714285714
0 739.4285714285714 649.4285714285714 0 741.0357142857143 648.0357142857143
0 741.0357142857143 648.0357142857143 0 741.5 647.5
0 741.5 647.5 0 744.0 645.0
0 744.0 645.0 0 744.8513513513514 644.527027027027
0 744.8513513513514 644.527027027027 0 745.2241379310345 644.2241379310345
0 745.2241379310345 644.2241379310345 0 746.2586206896551 643.2586206896551
0 746.2586206896551 643.2586206896551 0 746.7413793103449 642.7413793103449
0 746.7413793103449 642.7413793103449 0 748.0294117647059 641.5392156862745
0 748.0294117647059 641.5392156862745 0 751.8177570093458 639.4345794392524
0 751.8177570093458 639.4345794392524 0 752.051724137931 639.051724137931
0 752.051724137931 639.051724137931 0 752.8793103448276 637.8793103448276
0 752.8793103448276 637.8793103448276 0 753.7758620689655 636.7758620689655
0 753.7758620689655 636.7758620689655 0 754.1111111111111 636.4166666666666
0 754.1111111111111 636.4166666666666 0 755.4285714285714 635.4285714285714
0 755.4285714285714 635.4285714285714 0 757.5714285714286 633.5714285714286
0 757.5714285714286 633.5714285714286 0 758.7142857142857 632.7142857142857
0 758.7142857142857 632.7142857142857 0 758.8972602739726 632.5958904109589
0 758.8972602739726 632.5958904109589 0 759.2586206896551 632.2586206896551
0 759.2586206896551 632.2586206896551 0 759.7413793103449 631.7413793103449
0 759.7413793103449 631.7413793103449 0 760.2586206896551 631.2586206896551
0 760.2586206896551 631.2586206896551 0 760.7413793103449 630.7413793103449
0 760.7413793103449 630.7413793103449 0 761.1027397260274 630.4041095890411
0 761.1027397260274 630.4041095890411 0 761.2857142857143 630.2857142857143
0 761.2857142857143 630.2857142857143 0 765.2857142857143 627.2857142857143
0 765.2857142857143 627.2857142857143 0 767.2142857142857 626.2142857142857
0 767.2142857142857 626.2142857142857 0 768.5714285714286 625.5714285714286
0 768.5714285714286 625.5714285714286 0 769.5 625.2
0 769.5 625.2 0 769.9827586206897 624.9827586206897
0 769.9827586206897 624.9827586206897 0 770.120253164557 624.9303797468355
0 770.120253164557 624.9303797468355 0 770.5 624.8478260869565
0 770.5 624.8478260869565 0 772.3125 624.375
0 772.3125 624.375 0 772.75 623.5
0 772.75 623.5 0 773.6034482758621 621.6034482758621
0 773.6034482758621 621.6034482758621 0 774.2931034482758 620.2931034482758
0 774.2931034482758 620.2931034482758 0 775.051724137931 619.051724137931
0 775.051724137931 619.051724137931 0 775.8793103448276 617.8793103448276
0 775.8793103448276 617.8793103448276 0 776.7758620689655 616.7758620689655
0 776.7758620689655 616.7758620689655 0 777.7413793103449 615.7413793103449
0 777.7413793103449 615.7413793103449 0 778.1027397260274 615.4041095890411
0 778.1027397260274 615.4041095890411 0 778.2857142857143 615.2857142857143
0 778.2857142857143 615.2857142857143 0 779.4285714285714 614.4285714285714
0 779.4285714285714 614.4285714285714 0 780.5 613.5
0 780.5 613.5 0 781.5 612.5
0 781.5 612.5 0 782.5 611.5
0 782.5 611.5 0 783.5 610.5
0 783.5 610.5 0 783.9225352112676 610.1338028169014
0 783.9225352112676 610.1338028169014 0 784.0555555555555 610.0555555555555
0 784.0555555555555 610.0555555555555 0 788.0652173913044 606.8478260869565
0 788.0652173913044 606.8478260869565 0 788.4285714285714 606.4285714285714
0 788.4285714285714 606.4285714285714 0 789.2857142857143 605.2857142857143
0 789.2857142857143 605.2857142857143 0 789.4041095890411 605.1027397260274
0 789.4041095890411 605.1027397260274 0 789.7413793103449 604.7413793103449
0 789.7413793103449 604.7413793103449 0 790.1027397260274 604.4041095890411
0 790.1027397260274 604.4041095890411 0 792.8972602739726 602.5958904109589
0 792.8972602739726 602.5958904109589 0 793.1027397260274 602.4041095890411
0 793.1027397260274 602.4041095890411 0 793.2857142857143 602.2857142857143
0 793.2857142857143 602.2857142857143 0 794.4285714285714 601.4285714285714
0 794.4285714285714 601.4285714285714 0 795.5 600.5
0 795.5 600.5 0 796.5 599.5
0 796.5 599.5 0 797.0357142857143 599.0357142857143
0 797.0357142857143 599.0357142857143 0 797.5 598.5
0 797.5 598.5 0 798.5 597.5
0 798.5 597.5 0 798.9225352112676 597.1338028169014
0 798.9225352112676 597.1338028169014 0 801.0774647887324 595.8661971830986
0 801.0774647887324 595.8661971830986 0 801.5 595.5
0 801.5 595.5 0 802.5 594.5
0 802.5 594.5 0 803.5 593.5
0 803.5 593.5 0 803.9 593.1
0 803.9 593.1 0 807.1 590.9
0 807.1 590.9 0 807.5 590.5
0 807.5 590.5 0 808.5 589.5
0 808.5 589.5 0 808.9642857142857 588.9642857142857
0 808.9642857142857 588.9642857142857 0 810.0357142857143 588.0357142857143
0 810.0357142857143 588.0357142857143 0 810.5 587.5
0 810.5 587.5 0 811.5 586.5
0 811.5 586.5 0 812.5 585.5
0 812.5 585.5 0 813.5714285714286 584.5714285714286
0 813.5714285714286 584.5714285714286 0 814.0 584.25
0 814.0 584.25 0 815.0 583.75
0 815.0 583.75 0 815.4285714285714 583.4285714285714
0 815.4285714285714 583.4285714285714 0 816.5 582.5
0 816.5 582.5 0 817.5 581.5
0 817.5 581.5 0 818.5 580.5
0 818.5 580.5 0 818.9 580.1
0 818.9 580.1 0 822.1 577.9
0 822.1 577.9 0 822.5 577.5
0 822.5 577.5 0 823.5 576.5
0 823.5 576.5 0 824.5 575.5
0 824.5 575.5 0 825.5 574.5
0 825.5 574.5 0 825.9225352112676 574.1338028169014
0 825.9225352112676 574.1338028169014 0 828.0774647887324 572.8661971830986
0 828.0774647887324 572.8661971830986 0 828.5 572.5
0 828.5 572.5 0 829.5 571.5
0 829.5 571.5 0 830.4285714285714 570.4285714285714
0 830.4285714285714 570.4285714285714 0 832.0357142857143 569.0357142857143
0 832.0357142857143 569.0357142857143 0 832.5 568.5
0 832.5 568.5 0 833.5 567.5
0 833.5 567.5 0 833.9 567.1
0 833.9 567.1 0 839.9444444444445 562.9444444444445
0 839.9444444444445 562.9444444444445 0 841.5 562.5
0 841.5 562.5 0 844.5 561.5
0 844.5 561.5 0 850.7222222222222 560.7222222222222
0 850.7222222222222 560.7222222222222 0 851.5769230769231 560.6538461538462
0 851.5769230769231 560.6538461538462 0 851.6428571428571 560.3571428571429
0 851.6428571428571 560.3571428571429 0 853.8125 554.8125
0 853.8125 554.8125 0 853.9545454545455 554.5
0 853.9545454545455 554.5 0 854.3636363636364 553.5
0 854.3636363636364 553.5 0 854.4 553.4
0 854.4 553.4 0 855.0 552.0
0 855.0 552.0 0 855.6666666666666 550.6666666666666
0 855.6666666666666 550.6666666666666 0 855.7957746478874 550.443661971831
0 855.7957746478874 550.443661971831 0 858.7758620689655 546.7758620689655
0 858.7758620689655 546.7758620689655 0 859.7413793103449 545.7413793103449
0 859.7413793103449 545.7413793103449 0 860.1027397260274 545.4041095890411
0 860.1027397260274 545.4041095890411 0 860.2857142857143 545.2857142857143
0 860.2857142857143 545.2857142857143 0 861.4285714285714 544.4285714285714
0 861.4285714285714 544.4285714285714 0 863.5714285714286 542.5714285714286
0 863.5714285714286 542.5714285714286 0 864.7142857142857 541.7142857142857
0 864.7142857142857 541.7142857142857 0 865.9285714285714 540.9285714285714
0 865.9285714285714 540.9285714285714 0 866.3108108108108 540.7162162162163
0 866.3108108108108 540.7162162162163 0 871.0 539.075
10 729.7140992167102 660.3120104438642 10 731.519801980198 657.1930693069307
10 731.519801980198 657.1930693069307 10 734.1111111111111 654.4166666666666
10 734.1111111111111 654.4166666666666 10 735.4285714285714 653.4285714285714
10 735.4285714285714 653.4285714285714 10 736.5 652.5
10 736.5 652.5 10 737.5 651.5
10 737.5 651.5 10 738.5 650.5
10 738.5 650.5 10 739.4285714285714 649.4285714285714
10 739.4285714285714 649.4285714285714 10 741.0357142857143 648.0357142857143
10 741.0357142857143 648.0357142857143 10 741.5 647.5
10 741.5 647.5 10 744.0 645.0
10 744.0 645.0 10 744.8513513513514 644.527027027027
10 744.8513513513514 644.527027027027 10 745.2241379310345 644.2241379310345
10 745.2241379310345 644.2241379310345 10 746.2586206896551 643.2586206896551
10 746.2586206896551 643.2586206896551 10 746.7413793103449 642.7413793103449
10 746.7413793103449 642.7413793103449 10 748.0294117647059 641.5392156862745
10 748.0294117647059 641.5392156862745 10 751.8177570093458 639.4345794392524
10 751.8177570093458 639.4345794392524 10 752.051724137931 639.051724137931
10 752.051724137931 639.051724137931 10 752.8793103448276 637.8793103448276
10 752.8793103448276 637.8793103448276 10 753.7758620689655 636.7758620689655
10 753.7758620689655 636.7758620689655 10 754.1111111111111 636.4166666666666
10 754.1111111111111 636.4166666666666 10 755.4285714285714 635.4285714285714
10 755.4285714285714 635.4285714285714 10 757.5714285714286 633.5714285714286
10 757.5714285714286 633.5714285714286 10 758.7142857142857 632.7142857142857
10 758.7142857142857 632.7142857142857 10 758.8972602739726 632.5958904109589
10 758.8972602739726 632.5958904109589 10 759.2586206896551 632.2586206896551
10 759.2586206896551 632.2586206896551 10 759.7413793103449 631.7413793103449
10 759.7413793103449 631.7413793103449 10 760.2586206896551 631.2586206896551
10 760.2586206896551 631.2586206896551 10 760.7413793103449 630.7413793103449
10 760.7413793103449 630.7413793103449 10 761.1027397260274 630.4041095890411
10 761.1027397260274 630.4041095890411 10 761.2857142857143 630.2857142857143
10 761.2857142857143 630.2857142857143 10 765.2857142857143 627.2857142857143
10 765.2857142857143 627.2857142857143 10 767.2142857142857 626.2142857142857
10 767.2142857142857 626.2142857142857 10 768.5714285714286 625.5714285714286
10 768.5714285714286 625.5714285714286 10 769.5 625.2
10 769.5 625.2 10 769.9827586206897 624.9827586206897
10 769.9827586206897 624.9827586206897 10 770.120253164557 624.9303797468355
10 770.120253164557 624.9303797468355 10 770.5 624.8478260869565
10 770.5 624.8478260869565 10 772.3125 624.375
10 772.3125 624.375 10 772.75 623.5
10 772.75 623.5 10 773.6034482758621 621.6034482758621
10 773.6034482758621 621.6034482758621 10 774.2931034482758 620.2931034482758
10 774.2931034482758 620.2931034482758 10 775.051724137931 619.051724137931
10 775.051724137931 619.051724137931 10 775.8793103448276 617.8793103448276
10 775.8793103448276 617.8793103448276 10 776.7758620689655 616.7758620689655
10 776.7758620689655 616.7758620689655 10 777.7413793103449 615.7413793103449
10 777.7413793103449 615.7413793103449 10 778.1027397260274 615.4041095890411
10 778.1027397260274 615.4041095890411 10 778.2857142857143 615.2857142857143
10 778.2857142857143 615.2857142857143 10 779.4285714285714 614.4285714285714
10 779.4285714285714 614.4285714285714 10 780.5 613.5
10 780.5 613.5 10 781.5 612.5
10 781.5 612.5 10 782.5 611.5
10 782.5 611.5 10 783.5 610.5
10 783.5 610.5 10 783.9225352112676 610.1338028169014
10 783.9225352112676 610.1338028169014 10 784.0555555555555 610.0555555555555
10 784.0555555555555 610.0555555555555 10 788.0652173913044 606.8478260869565
10 788.0652173913044 606.8478260869565 10 788.4285714285714 606.4285714285714
10 788.4285714285714 606.4285714285714 10 789.2857142857143 605.2857142857143
10 789.2857142857143 605.2857142857143 10 789.4041095890411 605.1027397260274
10 789.4041095890411 605.1027397260274 10 789.7413793103449 604.7413793103449
10 789.7413793103449 604.7413793103449 10 790.1027397260274 604.4041095890411
10 790.1027397260274 604.4041095890411 10 792.8972602739726 602.5958904109589
10 792.8972602739726 602.5958904109589 10 793.1027397260274 602.4041095890411
10 793.1027397260274 602.4041095890411 10 793.2857142857143 602.2857142857143
10 793.2857142857143 602.2857142857143 10 794.4285714285714 601.4285714285714
10 794.4285714285714 601.4285714285714 10 795.5 600.5
10 795.5 600.5 10 796.5 599.5
10 796.5 599.5 10 797.0357142857143 599.0357142857143
10 797.0357142857143 599.0357142857143 10 797.5 598.5
10 797.5 598.5 10 798.5 597.5
10 798.5 597.5 10 798.9225352112676 597.1338028169014
10 798.9225352112676 597.1338028169014 10 801.0774647887324 595.8661971830986
10 801.0774647887324 595.8661971830986 10 801.5 595.5
10 801.5 595.5 10 802.5 594.5
10 802.5 594.5 10 803.5 593.5
10 803.5 593.5 10 803.9 593.1
10 803.9 593.1 10 807.1 590.9
10 807.1 590.9 10 807.5 590.5
10 807.5 590.5 10 808.5 589.5
10 808.5 589.5 10 808.9642857142857 588.9642857142857
10 808.9642857142857 588.9642857142857 10 810.0357142857143 588.0357142857143
10 810.0357142857143 588.0357142857143 10 810.5 587.5
10 810.5 587.5 10 811.5 586.5
10 811.5 586.5 10 812.5 585.5
10 812.5 585.5 10 813.5714285714286 584.5714285714286
10 813.5714285714286 584.5714285714286 10 814.0 584.25
10 814.0 584.25 10 815.0 583.75
10 815.0 583.75 10 815.4285714285714 583.4285714285714
10 815.4285714285714 583.4285714285714 10 816.5 582.5
10 816.5 582.5 10 817.5 581.5
10 817.5 581.5 10 818.5 580.5
10 818.5 580.5 10 818.9 580.1
10 818.9 580.1 10 822.1 577.9
10 822.1 577.9 10 822.5 577.5
10 822.5 577.5 10 823.5 576.5
10 823.5 576.5 10 824.5 575.5
10 824.5 575.5 10 825.5 574.5
10 825.5 574.5 10 825.9225352112676 574.1338028169014
10 825.9225352112676 574.1338028169014 10 828.0774647887324 572.8661971830986
10 828.0774647887324 572.8661971830986 10 828.5 572.5
10 828.5 572.5 10 829.5 571.5
10 829.5 571.5 10 830.4285714285714 570.4285714285714
10 830.4285714285714 570.4285714285714 10 832.0357142857143 569.0357142857143
10 832.0357142857143 569.0357142857143 10 832.5 568.5
10 832.5 568.5 10 833.5 567.5
10 833.5 567.5 10 833.9 567.1
10 833.9 567.1 10 839.9444444444445 562.9444444444445
10 839.9444444444445 562.9444444444445 10 841.5 562.5
10 841.5 562.5 10 844.5 561.5
10 844.5 561.5 10 850.7222222222222 560.7222222222222
10 850.7222222222222 560.7222222222222 10 851.5769230769231 560.6538461538462
10 851.5769230769231 560.6538461538462 10 851.6428571428571 560.3571428571429
10 851.6428571428571 560.3571428571429 10 853.8125 554.8125
10 853.8125 554.8125 10 853.9545454545455 554.5
10 853.9545454545455 554.5 10 854.3636363636364 553.5
10 854.3636363636364 553.5 10 854.4 553.4
10 854.4 553.4 10 855.0 552.0
10 855.0 552.0 10 855.6666666666666 550.6666666666666
10 855.6666666666666 550.6666666666666 10 855.7957746478874 550.443661971831
10 855.7957746478874 550.443661971831 10 858.7758620689655 546.7758620689655
10 858.7758620689655 546.7758620689655 10 859.7413793103449 545.7413793103449
10 859.7413793103449 545.7413793103449 10 860.1027397260274 545.4041095890411
10 860.1027397260274 545.4041095890411 10 860.2857142857143 545.2857142857143
10 860.2857142857143 545.2857142857143 10 861.4285714285714 544.4285714285714
10 861.4285714285714 544.4285714285714 10 863.5714285714286 542.5714285714286
10 863.5714285714286 542.5714285714286 10 864.7142857142857 541.7142857142857
10 864.7142857142857 541.7142857142857 10 865.9285714285714 540.9285714285714
10 865.9285714285714 540.9285714285714 10 866.3108108108108 540.7162162162163
10 866.3108108108108 540.7162162162163 10 871.0 539.075
10 871.0 539.075 10 871.0 539.0
20 729.7140992167102 660.3120104438642 20 731.519801980198 657.1930693069307
20 731.519801980198 657.1930693069307 20 734.1111111111111 654.4166666666666
20 734.1111111111111 654.4166666666666 20 735.4285714285714 653.4285714285714
20 735.4285714285714 653.4285714285714 20 736.5 652.5
20 736.5 652.5 20 737.5 651.5
20 737.5 651.5 20 738.5 650.5
20 738.5 650.5 20 739.4285714285714 649.4285714285714
20 739.4285714285714 649.4285714285714 20 741.0357142857143 648.0357142857143
20 741.0357142857143 648.0357142857143 20 741.5 647.5
20 741.5 647.5 20 744.0 645.0
20 744.0 645.0 20 744.8513513513514 644.527027027027
20 744.8513513513514 644.527027027027 20 745.2241379310345 644.2241379310345
20 745.2241379310345 644.2241379310345 20 746.2586206896551 643.2586206896551
20 746.2586206896551 643.2586206896551 20 746.7413793103449 642.7413793103449
20 746.7413793103449 642.7413793103449 20 748.0294117647059 641.5392156862745
20 748.0294117647059 641.5392156862745 20 751.8177570093458 639.4345794392524
20 751.8177570093458 639.4345794392524 20 752.051724137931 639.051724137931
20 752.051724137931 639.051724137931 20 752.8793103448276 637.8793103448276
20 752.8793103448276 637.8793103448276 20 753.7758620689655 636.7758620689655
20 753.7758620689655 636.7758620689655 20 754.1111111111111 636.4166666666666
20 754.1111111111111 636.4166666666666 20 755.4285714285714 635.4285714285714
20 755.4285714285714 635.4285714285714 20 757.5714285714286 633.5714285714286
20 757.5714285714286 633.5714285714286 20 758.7142857142857 632.7142857142857
20 758.7142857142857 632.7142857142857 20 758.8972602739726 632.5958904109589
20 758.8972602739726 632.5958904109589 20 759.2586206896551 632.2586206896551
20 759.2586206896551 632.2586206896551 20 759.7413793103449 631.7413793103449
20 759.7413793103449 631.7413793103449 20 760.2586206896551 631.2586206896551
20 760.2586206896551 631.2586206896551 20 760.7413793103449 630.7413793103449
20 760.7413793103449 630.7413793103449 20 761.1027397260274 630.4041095890411
20 761.1027397260274 630.4041095890411 20 761.2857142857143 630.2857142857143
20 761.2857142857143 630.2857142857143 20 765.2857142857143 627.2857142857143
20 765.2857142857143 627.2857142857143 20 767.2142857142857 626.2142857142857
20 767.2142857142857 626.2142857142857 20 768.5714285714286 625.5714285714286
20 768.5714285714286 625.5714285714286 20 769.5 625.2
20 769.5 625.2 20 769.9827586206897 624.9827586206897
20 769.9827586206897 624.9827586206897 20 770.120253164557 624.9303797468355
20 770.120253164557 624.9303797468355 20 770.5 624.8478260869565
20 770.5 624.8478260869565 20 772.3125 624.375
20 772.3125 624.375 20 772.75 623.5
20 772.75 623.5 20 773.6034482758621 621.6034482758621
20 773.6034482758621 621.6034482758621 20 774.2931034482758 620.2931034482758
20 774.2931034482758 620.2931034482758 20 775.051724137931 619.051724137931
20 775.051724137931 619.051724137931 20 775.8793103448276 617.8793103448276
20 775.8793103448276 617.8793103448276 20 776.7758620689655 616.7758620689655
20 776.7758620689655 616.7758620689655 20 777.7413793103449 615.7413793103449
20 777.7413793103449 615.7413793103449 20 778.1027397260274 615.4041095890411
20 778.1027397260274 615.4041095890411 20 778.2857142857143 615.2857142857143
20 778.2857142857143 615.2857142857143 20 779.4285714285714 614.4285714285714
20 779.4285714285714 614.4285714285714 20 780.5 613.5
20 780.5 613.5 20 781.5 612.5
20 781.5 612.5 20 782.5 611.5
20 782.5 611.5 20 783.5 610.5
20 783.5 610.5 20 783.9225352112676 610.1338028169014
20 783.9225352112676 610.1338028169014 20 784.0555555555555 610.0555555555555
20 784.0555555555555 610.0555555555555 20 788.0652173913044 606.8478260869565
20 788.0652173913044 606.8478260869565 20 788.4285714285714 606.4285714285714
20 788.4285714285714 606.4285714285714 20 789.2857142857143 605.2857142857143
20 789.2857142857143 605.2857142857143 20 789.4041095890411 605.1027397260274
20 789.4041095890411 605.1027397260274 20 789.7413793103449 604.7413793103449
20 789.7413793103449 604.7413793103449 20 790.1027397260274 604.4041095890411
20 790.1027397260274 604.4041095890411 20 792.8972602739726 602.5958904109589
20 792.8972602739726 602.5958904109589 20 793.1027397260274 602.4041095890411
20 793.1027397260274 602.4041095890411 20 793.2857142857143 602.2857142857143
20 793.2857142857143 602.2857142857143 20 794.4285714285714 601.4285714285714
20 794.4285714285714 601.4285714285714 20 795.5 600.5
20 795.5 600.5 20 796.5 599.5
20 796.5 599.5 20 797.0357142857143 599.0357142857143
20 797.0357142857143 599.0357142857143 20 797.5 598.5
20 797.5 598.5 20 798.5 597.5
20 798.5 597.5 20 798.9225352112676 597.1338028169014
20 798.9225352112676 597.1338028169014 20 801.0774647887324 595.8661971830986
20 801.0774647887324 595.8661971830986 20 801.5 595.5
20 801.5 595.5 20 802.5 594.5
20 802.5 594.5 20 803.5 593.5
20 803.5 593.5 20 803.9 593.1
20 803.9 593.1 20 807.1 590.9
20 807.1 590.9 20 807.5 590.5
20 807.5 590.5 20 808.5 589.5
20 808.5 589.5 20 808.9642857142857 588.9642857142857
20 808.9642857142857 588.9642857142857 20 810.0357142857143 588.0357142857143
20 810.0357142857143 588.0357142857143 20 810.5 587.5
20 810.5 587.5 20 811.5 586.5
20 811.5 586.5 20 812.5 585.5
20 812.5 585.5 20 813.5714285714286 584.5714285714286
20 813.5714285714286 584.5714285714286 20 814.0 584.25
20 814.0 584.25 20 815.0 583.75
20 815.0 583.75 20 815.4285714285714 583.4285714285714
20 815.4285714285714 583.4285714285714 20 816.5 582.5
20 816.5 582.5 20 817.5 581.5
20 817.5 581.5 20 818.5 580.5
20 818.5 580.5 20 818.9 580.1
20 818.9 580.1 20 822.1 577.9
20 822.1 577.9 20 822.5 577.5
20 822.5 577.5 20 823.5 576.5
20 823.5 576.5 20 824.5 575.5
20 824.5 575.5 20 825.5 574.5
20 825.5 574.5 20 825.9225352112676 574.1338028169014
20 825.9225352112676 574.1338028169014 20 828.0774647887324 572.8661971830986
20 828.0774647887324 572.8661971830986 20 828.5 572.5
20 828.5 572.5 20 829.5 571.5
20 829.5 571.5 20 830.4285714285714 570.4285714285714
20 830.4285714285714 570.4285714285714 20 832.0357142857143 569.0357142857143
20 832.0357142857143 569.0357142857143 20 832.5 568.5
20 832.5 568.5 20 833.5 567.5
20 833.5 567.5 20 833.9 567.1
20 833.9 567.1 20 839.9444444444445 562.9444444444445
20 839.9444444444445 562.9444444444445 20 841.5 562.5
20 841.5 562.5 20 844.5 561.5
20 844.5 561.5 20 850.7222222222222 560.7222222222222
20 850.7222222222222 560.7222222222222 20 851.5769230769231 560.6538461538462
20 851.5769230769231 560.6538461538462 20 851.6428571428571 560.3571428571429
20 851.6428571428571 560.3571428571429 20 853.8125 554.8125
20 853.8125 554.8125 20 853.9545454545455 554.5
20 853.9545454545455 554.5 20 854.3636363636364 553.5
20 854.3636363636364 553.5 20 854.4 553.4
20 854.4 553.4 20 855.0 552.0
20 855.0 552.0 20 855.6666666666666 550.6666666666666
20 855.6666666666666 550.6666666666666 20 855.7957746478874 550.443661971831
20 855.7957746478874 550.443661971831 20 858.7758620689655 546.7758620689655
20 858.7758620689655 546.7758620689655 20 859.7413793103449 545.7413793103449
20 859.7413793103449 545.7413793103449 20 860.1027397260274 545.4041095890411
20 860.1027397260274 545.4041095890411 20 860.2857142857143 545.2857142857143
20 860.2857142857143 545.2857142857143 20 861.4285714285714 544.4285714285714
20 861.4285714285714 544.4285714285714 20 863.5714285714286 542.5714285714286
20 863.5714285714286 542.5714285714286 20 864.7142857142857 541.7142857142857
20 864.7142857142857 541.7142857142857 20 865.9285714285714 540.9285714285714
20 865.9285714285714 540.9285714285714 20 866.3108108108108 540.7162162162163
20 866.3108108108108 540.7162162162163 20 871.0 539.075
20 871.0 539.075 20 871.0 539.0
