0 761.5 697.0652173913044 0 762.5831509846827 697.4890590809628
0 762.5831509846827 697.4890590809628 0 769.1027397260274 691.4041095890411
0 769.1027397260274 691.4041095890411 0 769.2857142857143 691.2857142857143
0 769.2857142857143 691.2857142857143 0 770.4285714285714 690.4285714285714
0 770.4285714285714 690.4285714285714 0 772.5714285714286 688.5714285714286
0 772.5714285714286 688.5714285714286 0 773.7142857142857 687.7142857142857
0 773.7142857142857 687.7142857142857 0 773.8421052631579 687.6315789473684
0 773.8421052631579 687.6315789473684 0 774.4615384615385 686.4615384615385
0 774.4615384615385 686.4615384615385 0 775.2307692307693 685.2307692307693
0 775.2307692307693 685.2307692307693 0 776.0769230769231 684.0769230769231
0 776.0769230769231 684.0769230769231 0 776.53125 683.546875
0 776.53125 683.546875 0 779.9 680.9
0 779.9 680.9 0 781.8125 679.625
0 781.8125 679.625 0 782.2037037037037 679.2037037037037
0 782.2037037037037 679.2037037037037 0 783.425925925926 677.425925925926
0 783.425925925926 677.425925925926 0 783.6809045226131 676.9924623115578
0 783.6809045226131 676.9924623115578 0 788.625 674.375
0 788.625 674.375 0 789.5 673.5
0 789.5 673.5 0 789.9 673.1
0 789.9 673.1 0 793.1 670.9
0 793.1 670.9 0 793.5 670.5
0 793.5 670.5 0 794.5 669.5
0 794.5 669.5 0 795.5 668.5
0 795.5 668.5 0 798.2906976744187 666.0813953488372
0 798.2906976744187 666.0813953488372 0 799.1551724137931 665.1551724137931
0 799.1551724137931 665.1551724137931 0 801.25 660.5
0 801.25 660.5 0 801.75 659.5
0 801.75 659.5 0 802.3 658.5
0 802.3 658.5 0 803.9 655.8333333333334
0 803.9 655.8333333333334 0 804.0 655.5555555555555
0 804.0 655.5555555555555 0 804.0 642.0
0 804.0 642.0 0 804.1 641.9
0 804.1 641.9 0 807.5938416422288 640.2947214076246
0 807.5938416422288 640.2947214076246 0 814.914364640884 634.682320441989
0 814.914364640884 634.682320441989 0 822.3788819875776 631.6086956521739
0 822.3788819875776 631.6086956521739 0 827.0645161290323 625.6451612903226
0 827.0645161290323 625.6451612903226 0 840.4090909090909 621.1969696969697
0 840.4090909090909 621.1969696969697 0 841.9285714285714 620.0714285714286
0 841.9285714285714 620.0714285714286 0 842.5 619.5
0 842.5 619.5 0 843.9375 617.9375
0 843.9375 617.9375 0 845.25 616.25
0 845.25 616.25 0 848.0384615384615 612.3461538461538
0 848.0384615384615 612.3461538461538 0 848.7543352601156 611.5057803468208
0 848.7543352601156 611.5057803468208 0 849.0490196078431 611.0490196078431
0 849.0490196078431 611.0490196078431 0 849.7941176470588 609.7941176470588
0 849.7941176470588 609.7941176470588 0 850.5 608.5
0 850.5 608.5 0 852.5 604.5
0 852.5 604.5 0 853.0294117647059 603.5
0 853.0294117647059 603.5 0 853.5505617977528 602.5674157303371
0 853.5505617977528 602.5674157303371 0 853.5555555555555 602.5555555555555
0 853.5555555555555 602.5555555555555 0 854.4971751412429 600.1073446327683
0 854.4971751412429 600.1073446327683 0 857.8245033112582 597.6556291390729
0 857.8245033112582 597.6556291390729 0 858.7537313432836 596.7537313432836
0 858.7537313432836 596.7537313432836 0 859.2462686567164 596.2462686567164
0 859.2462686567164 596.2462686567164 0 860.2611940298508 595.2611940298508
0 860.2611940298508 595.2611940298508 0 860.7835820895523 594.7835820895523
0 860.7835820895523 594.7835820895523 0 862.6940298507462 592.6940298507462
0 862.6940298507462 592.6940298507462 0 867.0284280936455 587.6605351170568
0 867.0284280936455 587.6605351170568 0 870.3040583386177 582.6864299302473
0 870.3040583386177 582.6864299302473 0 871.0533980582525 582.4417475728155
0 871.0533980582525 582.4417475728155 0 872.0 582.0
0 872.0 582.0 0 873.3333333333334 581.3333333333334
0 873.3333333333334 581.3333333333334 0 875.2878787878788 580.2878787878788
0 875.2878787878788 580.2878787878788 0 881.6344262295082 576.4180327868852
0 881.6344262295082 576.4180327868852 0 883.723880597015 574.723880597015
0 883.723880597015 574.723880597015 0 885.0321100917431 573.454128440367
10 761.5 697.0652173913044 10 762.5831509846827 697.4890590809628
10 762.5831509846827 697.4890590809628 10 769.1027397260274 691.4041095890411
10 769.1027397260274 691.4041095890411 10 769.2857142857143 691.2857142857143
10 769.2857142857143 691.2857142857143 10 770.4285714285714 690.4285714285714
10 770.4285714285714 690.4285714285714 10 772.5714285714286 688.5714285714286
10 772.5714285714286 688.5714285714286 10 773.7142857142857 687.7142857142857
10 773.7142857142857 687.7142857142857 10 773.8421052631579 687.6315789473684
10 773.8421052631579 687.6315789473684 10 774.4615384615385 686.4615384615385
10 774.4615384615385 686.4615384615385 10 775.2307692307693 685.2307692307693
10 775.2307692307693 685.2307692307693 10 776.0769230769231 684.0769230769231
10 776.0769230769231 684.0769230769231 10 776.53125 683.546875
10 776.53125 683.546875 10 779.9 680.9
10 779.9 680.9 10 781.8125 679.625
10 781.8125 679.625 10 782.2037037037037 679.2037037037037
10 782.2037037037037 679.2037037037037 10 783.425925925926 677.425925925926
10 783.425925925926 677.425925925926 10 783.6809045226131 676.9924623115578
10 783.6809045226131 676.9924623115578 10 788.625 674.375
10 788.625 674.375 10 789.5 673.5
10 789.5 673.5 10 789.9 673.1
10 789.9 673.1 10 793.1 670.9
10 793.1 670.9 10 793.5 670.5
10 793.5 670.5 10 794.5 669.5
10 794.5 669.5 10 795.5 668.5
10 795.5 668.5 10 798.2906976744187 666.0813953488372
10 798.2906976744187 666.0813953488372 10 799.1551724137931 665.1551724137931
10 799.1551724137931 665.1551724137931 10 801.25 660.5
10 801.25 660.5 10 801.75 659.5
10 801.75 659.5 10 802.3 658.5
10 802.3 658.5 10 803.9 655.8333333333334
10 803.9 655.8333333333334 10 804.0 655.5555555555555
10 804.0 655.5555555555555 10 804.0 642.0
10 804.0 642.0 10 804.1 641.9
10 804.1 641.9 10 807.5938416422288 640.2947214076246
10 807.5938416422288 640.2947214076246 10 814.914364640884 634.682320441989
10 814.914364640884 634.682320441989 10 822.3788819875776 631.6086956521739
10 822.3788819875776 631.6086956521739 10 827.0645161290323 625.6451612903226
10 827.0645161290323 625.6451612903226 10 840.4090909090909 621.1969696969697
10 840.4090909090909 621.1969696969697 10 841.9285714285714 620.0714285714286
10 841.9285714285714 620.0714285714286 10 842.5 619.5
10 842.5 619.5 10 843.9375 617.9375
10 843.9375 617.9375 10 845.25 616.25
10 845.25 616.25 10 848.0384615384615 612.3461538461538
10 848.0384615384615 612.3461538461538 10 848.7543352601156 611.5057803468208
10 848.7543352601156 611.5057803468208 10 849.0490196078431 611.0490196078431
10 849.0490196078431 611.0490196078431 10 849.7941176470588 609.7941176470588
10 849.7941176470588 609.7941176470588 10 850.5 608.5
10 850.5 608.5 10 852.5 604.5
10 852.5 604.5 10 853.0294117647059 603.5
10 853.0294117647059 603.5 10 853.5505617977528 602.5674157303371
10 853.5505617977528 602.5674157303371 10 853.5555555555555 602.5555555555555
10 853.5555555555555 602.5555555555555 10 854.4971751412429 600.1073446327683
10 854.4971751412429 600.1073446327683 10 857.8245033112582 597.6556291390729
10 857.8245033112582 597.6556291390729 10 858.7537313432836 596.7537313432836
10 858.7537313432836 596.7537313432836 10 859.2462686567164 596.2462686567164
10 859.2462686567164 596.2462686567164 10 860.2611940298508 595.2611940298508
10 860.2611940298508 595.2611940298508 10 860.7835820895523 594.7835820895523
10 860.7835820895523 594.7835820895523 10 862.6940298507462 592.6940298507462
10 862.6940298507462 592.6940298507462 10 867.0284280936455 587.6605351170568
10 867.0284280936455 587.6605351170568 10 870.3040583386177 582.6864299302473
10 870.3040583386177 582.6864299302473 10 871.0533980582525 582.4417475728155
10 871.0533980582525 582.4417475728155 10 872.0 582.0
10 872.0 582.0 10 873.3333333333334 581.3333333333334
10 873.3333333333334 581.3333333333334 10 875.2878787878788 580.2878787878788
10 875.2878787878788 580.2878787878788 10 881.6344262295082 576.4180327868852
10 881.6344262295082 576.4180327868852 10 883.723880597015 574.723880597015
10 883.723880597015 574.723880597015 10 885.0321100917431 573.454128440367
20 761.5 697.0652173913044 20 762.5831509846827 697.4890590809628
20 762.5831509846827 697.4890590809628 20 769.1027397260274 691.4041095890411
20 769.1027397260274 691.4041095890411 20 769.2857142857143 691.2857142857143
20 769.2857142857143 691.2857142857143 20 770.4285714285714 690.4285714285714
20 770.4285714285714 690.4285714285714 20 772.5714285714286 688.5714285714286
20 772.5714285714286 688.5714285714286 20 773.7142857142857 687.7142857142857
20 773.7142857142857 687.7142857142857 20 773.8421052631579 687.6315789473684
20 773.8421052631579 687.6315789473684 20 774.4615384615385 686.4615384615385
20 774.4615384615385 686.4615384615385 20 775.2307692307693 685.2307692307693
20 775.2307692307693 685.2307692307693 20 776.0769230769231 684.0769230769231
20 776.0769230769231 684.0769230769231 20 776.53125 683.546875
20 776.53125 683.546875 20 779.9 680.9
20 779.9 680.9 20 781.8125 679.625
20 781.8125 679.625 20 782.2037037037037 679.2037037037037
20 782.2037037037037 679.2037037037037 20 783.425925925926 677.425925925926
20 783.425925925926 677.425925925926 20 783.6809045226131 676.9924623115578
20 783.6809045226131 676.9924623115578 20 788.625 674.375
20 788.625 674.375 20 789.5 673.5
20 789.5 673.5 20 789.9 673.1
20 789.9 673.1 20 793.1 670.9
20 793.1 670.9 20 793.5 670.5
20 793.5 670.5 20 794.5 669.5
20 794.5 669.5 20 795.5 668.5
20 795.5 668.5 20 798.2906976744187 666.0813953488372
20 798.2906976744187 666.0813953488372 20 799.1551724137931 665.1551724137931
20 799.1551724137931 665.1551724137931 20 801.25 660.5
20 801.25 660.5 20 801.75 659.5
20 801.75 659.5 20 802.3 658.5
20 802.3 658.5 20 803.9 655.8333333333334
20 803.9 655.8333333333334 20 804.0 655.5555555555555
20 804.0 655.5555555555555 20 804.0 642.0
20 804.0 642.0 20 804.1 641.9
20 804.1 641.9 20 807.5938416422288 640.2947214076246
20 807.5938416422288 640.2947214076246 20 814.914364640884 634.682320441989
20 814.914364640884 634.682320441989 20 822.3788819875776 631.6086956521739
20 822.3788819875776 631.6086956521739 20 827.0645161290323 625.6451612903226
20 827.0645161290323 625.6451612903226 20 840.4090909090909 621.1969696969697
20 840.4090909090909 621.1969696969697 20 841.9285714285714 620.0714285714286
20 841.9285714285714 620.0714285714286 20 842.5 619.5
20 842.5 619.5 20 843.9375 617.9375
20 843.9375 617.9375 20 845.25 616.25
20 845.25 616.25 20 848.0384615384615 612.3461538461538
20 848.0384615384615 612.3461538461538 20 848.7543352601156 611.5057803468208
20 848.7543352601156 611.5057803468208 20 849.0490196078431 611.0490196078431
20 849.0490196078431 611.0490196078431 20 849.7941176470588 609.7941176470588
20 849.7941176470588 609.7941176470588 20 850.5 608.5
20 850.5 608.5 20 852.5 604.5
20 852.5 604.5 20 853.0294117647059 603.5
20 853.0294117647059 603.5 20 853.5505617977528 602.5674157303371
20 853.5505617977528 602.5674157303371 20 853.5555555555555 602.5555555555555
20 853.5555555555555 602.5555555555555 20 854.4971751412429 600.1073446327683
20 854.4971751412429 600.1073446327683 20 857.8245033112582 597.6556291390729
20 857.8245033112582 597.6556291390729 20 858.7537313432836 596.7537313432836
20 858.7537313432836 596.7537313432836 20 859.2462686567164 596.2462686567164
20 859.2462686567164 596.2462686567164 20 860.2611940298508 595.2611940298508
20 860.2611940298508 595.2611940298508 20 860.7835820895523 594.7835820895523
20 860.7835820895523 594.7835820895523 20 862.6940298507462 592.6940298507462
20 862.6940298507462 592.6940298507462 20 867.0284280936455 587.6605351170568
20 867.0284280936455 587.6605351170568 20 870.3040583386177 582.6864299302473
20 870.3040583386177 582.6864299302473 20 871.0533980582525 582.4417475728155
20 871.0533980582525 582.4417475728155 20 872.0 582.0
20 872.0 582.0 20 873.3333333333334 581.3333333333334
20 873.3333333333334 581.3333333333334 20 875.2878787878788 580.2878787878788
20 875.2878787878788 580.2878787878788 20 881.6344262295082 576.4180327868852
20 881.6344262295082 576.4180327868852 20 883.723880597015 574.723880597015
20 883.723880597015 574.723880597015 20 885.0321100917431 573.454128440367
